0100111110 0- Ι

00110 00111110, do 1111110110, de
ne'riqne 01110 10000110 (01111000
11110110). 1101. 1 11. 00 0.

con-respondam (11001101). 111.
’00111οἱ119οί0κο 01 001111011οἀ0 10
{nce (01110110 011111011101).ἠ15(1)001

00110000000111(20011101).11. 011.
110110019019110Ι potitique 0100010-
110 110 murone, 1110111 10111100
110001101110110). 1 101. 111.

0011000010011 (33 001101). 1 11)).
11 5 1.
091110910911010, 0110101001 000-
11910 110 111010, de l'Asn'qne, de
ne'rn'qne 01 de 1’0000111”0,010011100
1 10111110 110 geogr: nie 3111101110
010 de 8000111101110). 311.
0011000010011 (31 011101). 1 101.
11 011. 00 0.
00010 0119119110, 0011110110,οἀ111-
10111001 0001011191ιο dela Franco
10 000 0100001010 commendasse
Rhetorfque). 1101. 3 11.

00110100100111(10001101).1 101311.

1110 001019100110 90101010 (011110
011110111011110100110011οῗ) 10 01101-
Ι(0.1110 9009100110, 00110)0110111 ln
pt10n hyslque 01 (1011110110, 01 11

110111οξ11101111110 den 01101101001-
111 310110. 1 10. 11-10,0011.111.130.

't 00010 'de 9009110010 111011011)ιο
1¹. c.

0(Α.) Ρο1110101101110110 900910-
0 110 Ia France; 2⁸ 01111101. 1101.

11-10, 0111011110.

, 00110110 011 0010111110. 0 11.
ns 01 1110110101. Atlas et 001101.

nm ssus noum 111-8.

100 0101011110 110 geographie mo·
110 (8 0111010011100). 2 11. 30 0.

meme. 1100 3 001101 10101111 (10
101),011101110. 3 11. 50 0.

nas 1111001001 de 9009100110110-
110 (11 011101 0011101). 511.

11110110, 1100 0 001101 11101110 (15
101), 0111011110. 0 11.

1100 de 9009100110 0101011001 nnn
110(30 cartes 0011101). 9 11.

0 meme, 0100 0 001101 11101101(11
101), 0111011110. 1011.

1100 0111001001 110 9009100110 011-
1110, dn 1109011 090 01 1110010110

Ξ1 00 19009110110 mdo (11 m·
01101. 1
11. Le 110110, 0100 1 011101 11101101 (11
001101), 00110111. 1011.
Anna 00900010011001101011110(11οι1111
60111θῦ). u ff·
01101 010 9009100010 dn mannen 090
(10 001101 0011101). 11. 0110.
0110000900910011010010001011011011·
101), 00110110. 110.
1111101110 1100 0011011010οι 1101101011. 310.

61111118 111.Δὸ ronffl 111-10110.

Α..111000101101101“10(00011010011101).011.

B. Le 1110110, 0100 8 001101 1110110101
011101), 00110110. 11 11. 30 0.

C. 111100 1111001001(11 enne· 0011101),
0011011110. 1011. 500.

0. Le 110110, 1100 8 001100 11101101 (10
011101), 01110110.

01111001111101001(100011010011100).1111. ’

1101110110, 0100 1 001101 11101101 (11

011101),0011011110. 2¹ 1.

chaque 00110 1100101011. 1 11.
- Grandes 001100 murales 1

011011100111 11111010 011 10001019110011101101-
11011111100110110100011111.0110111111 ub·
101111 110 10 011101 1100011011 00 111010.
1))000101110110110 10 101111010111011001111001

10011101 0111101111εο 01111 11. 00 01 11111101

1111111110 0011100111. cenes 0111011υῦ101 0111
1 111. 80 de hauteur 1111 2 111. 80 110 1110001.

10 0011130 111 10110110000100 0110110011, 10
Fue 01 sus: 1⁰ pour 101 001101 01110

01111101 11 11.; 2⁰ 0011101011101011 10101111· ’

101,11 11.
0009110110 1110101111.
111101101011011100111. 11 10111101. 1011.
011001101ιί0 11000111.
1101101ιο 001110. 10 10111101. 1011.

1110119001 septentrionale 011011010ηαὶ0
0011100. 20 10111101. 11 11.

11010 001110. 10 10111101. 10 11.
Europe e'crite. 10 10111110. 011.

17101100, 1101919110 01 Suissa 0011100. 10
10111101. 1 11

01000010100001110. 10 10111101. 12 11.
010000110111101110110. 1010011101. 1011.

-Νο0001101910111101 001100 murales iudi-
01111110 101101 du 10111111, 111011 0110011-
10111111 1210111101)11111 1101011111 2 1110·
tresde 1111111111 1 1110110110 dn lungo.

10 0011101 1111 1011001110 gorgo 0110111001,10
0010 en 1111, 11 11.

 

131. -

